1001222
1004301
1004303
1005038
1006480
100715
1007
1013
1016
1017280
102106
102115
1021
102231
102234
1030
1033
1041
104204
104264
104267
1048757
1051898
1051
1054211
1055323
1055688
1055692
1056
105
1060
106146
106589
106591
106633
1068
1069494
1070
1073531
1073
1076625
1077254
1077265
1078829
1079922
107
1081630
1081
1082702
1082930
1084558
108525
1085622
109168
1091
109262
109471
1097443
1099
10
1100891
110103
1101
1107
110932
110934
111142
1111
1114981
111500
111782
111830
112008
112040
1120752
1122283
1123967
1123
1124625
1125
1129704
112987
1129
113286
1134403
1137960
113
114185
114248
1142
1145345
114627
1148163
1152
1155385
1155738
1156568
115782
1158
1159909
116071
1160973
1161125
1161127
1163
1164882
1165076
1167830
117156
1172191
1172428
1175554
117563
1177214
1177
117999
1182780
1184396
1184606
1185408
1186
118747
1188227
118
119044
1190
1193324
1193503
1193515
1195526
1198
119977
119979
120212
1204360
1205
120652
120831
1209327
120961
1209946
1211036
1213720
1217416
121820
1218
1221209
1221880
122277
1223303
1223423
1227948
1227
1229970
1230698
1231242
123375
1234545
1234
1237
123
1243
1246884
1249016
125216
125287
1253
1255275
1257
1263978
1263
1266053
1266
1269
1270155
1273155
1274351
1276290
1278221
1279
127
1284657
1287916
1288026
129001
12916
129337
1294511
1295327
1295378
129577
12960
1298
129957
1301080
1301
1302410
13034
13075
130795
131079
13134
132607
13275
1329200
1330545
1330546
1330547
1331051
133193
1335483
1335631
1335745
133925
133
1344552
134550
1348505
1348508
1348611
1348911
1350
1354809
135575
1357
135858
136099
13687
13724
1372
137583
1375
1378
1379908
1380
1381133
138117
1382832
1386924
1386
138
1392389
1395974
13
1400133
1400386
140458
1406135
1406885
1407056
1408194
141450
141948
142577
1432051
143222
1433402
1433986
1433992
1433993
1433995
1433996
1433997
1433999
1434002
1434006
1434007
1434009
1434010
1434011
1434014
1434019
1434022
1434026
1434029
1434032
1434037
1434042
1434045
1434046
1434050
1436289
1443590
1443919
1445504
1448928
1453359
1453544
1454725
146784
146785
146805
146918
146936
146937
146
1470540
147067
1471399
1472344
1472762
1481960
1484898
1485594
1485
1486720
1491776
1492710
1494427
1495649
149698
150022
1501226
150203
1502180
150247
1502725
1502941
1504576
1505652
1505657
1505664
1506553
1506577
150830
1508451
1508657
1509243
1511635
1511648
1511649
1518147
1518149
1519186
1520333
152053
152161
152180
1522056
1522128
1522201
1522431
1522432
152267
1524214
1524217
1524249
1525371
153232
153265
153497
1535207
1537406
154116
1541445
1541670
1541743
1541822
1543704
1543705
1546255
1549129
1551504
155493
155977
1562
1564515
1565313
1565532
156885
156973
156993
1569
157226
1572860
1573407
1573808
1573
157591
1578
157913
157920
1579505
1579506
157
1582879
158481
158483
158846
158848
158851
158876
159191
1594166
1597779
1602338
1602345
1604696
160674
160795
160798
1608298
1609627
1612157
1612611
161492
1616789
1617805
162027
1620790
1621534
162171
162289
162491
1632780
1637257
1637
1643951
1645
1647173
1647175
1647
1648491
1648508
1649295
1649298
1649317
1649331
1649453
1649454
1649457
1649459
1649460
1649461
1649463
1649466
1649468
1649474
1649475
1649478
1649479
1649480
1649482
1649486
1649490
1649491
1649495
1649499
1649506
1649510
1649
1651
1652133
165301
1653174
1653176
1654718
1654787
1654931
1654
165695
165696
165697
165779
165812
1658781
1663717
1663
166484
166953
167375
1676125
1676142
167639
1676651
1677050
1678
1679002
1679449
1682492
168470
1686313
168657
168694
168808
168934
169055
169133
1692042
1696
1697958
1699619
16
1705353
1706033
1706036
170610
1707
171003
171436
1716
171868
171
1729679
1730
173479
1734920
1738645
1738655
1740
1742636
1742974
1742977
1742983
1742989
1742990
1742991
1742992
1742993
1743
1744881
1745211
174708
1747770
174951
1751872
175304
1754
1755672
1755825
1755829
1755832
1759331
1759396
1760987
1763521
1763827
1763
1765964
1766253
1769008
1769012
1769710
1769718
1769726
1769729
1769732
1773450
1775292
1775424
1775688
1775705
1778601
1778653
1779136
178440
178469
178898
1792291
1792303
1795639
179
180162
1802983
1804663
180541
1808977
1810868
1813601
1813
1817
1822464
182269
182639
182709
1827195
1827
182899
1835
1839
1843210
1844015
1847725
1847
1848399
184869
184923
1849822
1849973
1849
1851
1854
1855402
1855413
1855416
1857011
1858563
1859128
1860077
1860196
1860
1861863
186188
186191
1862
1865
186650
1866885
1866954
186831
1868332
1869285
1870884
187144
1873
1874526
1874621
187492
187
188143
1882917
1883
1884449
1884926
188905
1890059
1891669
189326
189330
1897649
18
1902583
190323
1903434
1903858
1904377
1905344
1906657
1906659
1906660
1906661
1906945
190972
191028
1911549
1911556
1911565
1911577
1912215
1912216
1912771
191291
191301
191303
1913444
1914449
191494
1915401
191769
1918385
1918454
1918536
1918540
1918598
191
1920247
1920992
1921582
1921784
1924110
1926259
1926556
1926667
1926677
1927833
1928820
1929090
192992
1930830
1930845
1931200
1934947
1935184
1936111
1937972
1938335
1940138
1940143
194195
194
1955413
1955420
195950
1960084
196013
196080
196081
196082
1961799
1964366
1970191
1980513
1980697
1981028
1981050
198251
198346
1988031
1988
1995
2000
2004661
2004797
2005355
2005375
2005380
2005386
2005
200903
201096
2013
2014233
2018044
2019482
2019
2023214
2023
2024975
2025617
202746
2028344
202907
202949
2029
203133
2033601
2034504
2034
203522
2035349
2035712
2035811
2035978
2036021
203804
2038244
2038280
2038635
2038676
2038733
2038
2039240
2039302
2039639
2039723
2040262
204037
2040
2041902
2042066
204286
204447
204456
204476
2044
2045098
2045213
2045416
204619
2048137
2049301
2050
2051044
2053
2055850
2055880
2056696
2056
2058174
205889
2060094
2060722
2060
2063
2066071
2066914
2071
207244
2077
2078575
2078948
208215
2082587
2083206
208447
2093783
2093823
2093
2094023
209
20
2100741
2100764
2108524
2109360
2115980
2125985
2126281
2126548
212742
212743
212744
212790
212791
2129
2132
213485
2147
214904
214906
2163168
216431
216851
217161
2172004
2172100
2173039
2175957
218207
219181
2200736
221065
2211635
2211638
2211641
222991
222
2233801
223785
224458
2249462
2250122
225143
225842
226
227388
227873
227979
2282523
2282741
2282742
228398
2289
2293313
2299
22
2301194
2303321
2303528
2304687
2304691
230494
230666
231454
2316020
231683
2321111
2321114
2321115
2321187
2321204
232244
232523
233099
2330
233189
233191
2335
2349
234
2351
235572
2357
235888
236752
2370
2375
237
2383
238749
238783
239759
239934
240411
241192
241421
2420
2422
2425
242605
2433
243627
244127
244698
245186
245876
246861
246875
2478349
248038
2483368
248744
2489367
2490452
2493629
2494209
249529
2518495
2518497
252301
252306
252356
2529408
252965
253238
254245
254250
2546365
2547964
256319
256616
256818
256846
2569097
2571159
2571160
2576755
2576890
257820
258255
2582840
2591381
2593687
2596745
2600304
2601574
2601645
2601651
2603321
2603323
2603324
2605940
2608728
261825
261827
261933
261963
262406
262
263370
263377
263510
264688
264995
2650549
2650923
2651279
2651578
2651583
265431
2654634
265487
265488
265570
265976
265
2661800
2661818
2663134
2664261
2665910
266808
267408
2674996
2675229
2675230
2675231
2675232
2675233
2675234
2676233
2676247
2676755
2676781
2678352
267849
2678529
2678885
2678886
267986
2679892
2679910
2680004
2680018
2680020
2680021
2682228
2683599
2685905
2685927
2686004
2689587
2689589
2690159
2690160
2691417
2692113
2692118
2692382
2692417
269258
269260
2698688
2698753
2699295
2700084
2701
2703677
2705399
2706000
2706948
2707020
2709666
2709685
2709686
270
2712688
2713
2714592
2714594
2714737
2715289
2715734
2716172
2716544
2717
2718863
2719231
2719313
2723776
2723
2726810
273135
2731450
2732587
2733
2735
2737
2738399
2738850
2738885
2740557
2742598
2742
2743582
274470
274591
2745
2747
2748674
2749267
2749846
2751156
2755140
2755
2758906
2758920
2759736
2760873
2761542
2766734
2766927
2767318
2767323
2767327
2767353
2767358
2767842
2767874
2767875
2767876
2767877
2767878
2767879
2767880
2767881
2767882
2767884
2767885
2767886
2767887
2767888
2767889
2767890
2767891
2767892
2767893
2768684
2768738
2768926
2770094
2772198
2773294
2774146
2778400
2778525
2780488
2781120
2781121
2781897
2782229
2782231
2785518
2786989
2789201
2789775
278993
2791001
2791118
2792240
2792393
2794837
2794998
2795377
2795605
2795692
2795774
2795775
2795776
2795777
2795778
2795779
2795780
2795781
2795782
2795783
2795865
2795973
2796146
279
2800373
2800384
2800680
2800681
2800682
2800685
2800686
2801844
2802288
2802295
2803301
28033
2803845
2803850
2804231
2804525
280472
28048
28050
2805645
2805681
28065
28067
28070
2807414
2807415
2807497
2807511
2808942
28100
28105
281119
2811380
2811387
2811506
2812019
2812025
2813803
2813804
281472
2815296
2815775
2815785
2815786
2816884
2817383
2818469
28186
281915
28196
28209
282132
2821512
282198
28219
2822114
28222
2822394
2822410
28228
28231
2823232
28236
2824158
2824249
28250
28253
28261
28263
2827482
2828338
2828348
2828366
2831443
2831665
283168
2831916
2831925
2831955
2834348
2834378
2834759
2836216
283735
2837485
2837502
2837503
2837504
2837506
2837507
2837508
2837510
2837511
283785
283810
2838170
2838250
2838311
2838409
283
2840454
2841677
2842531
2843200
2845254
28453
2846749
2847307
2847312
2847769
2847777
2848171
2848177
285107
2853332
2854182
2854186
2855430
2857076
2858886
2860235
286104
286130
2861660
2862144
2862451
2862745
2867376
286801
286
2870712
2872156
2874214
288021
2881427
2883098
2883109
2883512
2884243
2884814
2885697
2886347
2886823
2886866
288793
28884
2888809
2888818
2888879
28895
2891294
2891322
2891323
2891324
289201
2892396
2892397
2892920
2892997
2893022
2893036
2893055
2893056
2893057
2893058
2893060
2893090
2893197
2893576
2894574
2894762
2894767
2895509
2897349
2898489
2899790
2899804
2900570
2900571
2901164
2901189
2901261
290174
290180
2903061
2903100
2903106
290425
2904687
2904716
2905123
2905722
2905949
2905967
2907134
2907187
2909705
2910589
2910978
2910984
2911176
2911469
291183
2912996
2913017
2913022
2913367
2915177
2916693
2917830
2918913
2919364
2919468
2919589
2919614
2919626
291988
2920401
2920444
2922426
2923290
2923352
292486
2924872
292632
292635
292691
2926991
292833
2929841
2930384
293088
29330
29331
2935559
2937410
29393
29395
29404
29407
2941495
2943184
2943286
2943291
2944152
2944193
2944195
2944198
2944627
2944815
2946507
29465
2946607
294702
29487
2950010
2951106
2951107
2951993
29521
29526
2952773
2953757
2953860
29548
295595
29574
29580
2967089
2967962
2974251
2974257
2975149
2975260
2975286
2975521
2975549
2976759
2978114
2978367
2979332
2981344
2981628
2983163
2983186
2983190
2986286
2987594
2987599
2987605
2989683
299261
2992720
2993541
2994361
2994362
2994363
2994560
2995122
2995234
299566
299568
2995702
2995704
2995706
2996317
2997349
2997360
300264
3003266
3016049
3018276
3020832
3020833
3024226
3024237
3024544
3024823
302485
3025755
3026546
3027666
3029078
3029205
3031148
3031933
303379
3033930
3033996
3034001
3040948
3042730
3045815
3045890
3046369
3048127
3049269
3050007
3050722
3050898
3051137
3051138
3051458
3051499
3051548
3056650
3058346
305899
3059405
3059504
305976
3062336
3064792
3065395
3070965
3072462
3074372
3074468
3075137
3076095
3076173
307628
3076670
3078171
3079668
3079908
3079925
3085669
3088373
308865
3088764
3088889
3093638
309512
3097638
3108736
3110364
311181
3114547
3115661
3118803
3118928
312278
3126915
3126963
3129724
3132181
3135206
3136917
3137419
3137761
3137766
3138622
3138693
3139173
3140596
3142786
3143249
314343
3143704
3143992
3149264
3154218
315422
3156481
3158337
3160924
3161592
3162691
3163645
316612
316625
319458
31983
31988
32008
32012
32014
320496
32067
32068
321315
32199
32207
32257
3228940
3228946
3231543
3231549
3231896
323413
3234175
323449
323620
3236652
3236654
3236655
3236656
3236657
3237678
3238478
3238959
3240450
3259750
326319
32631
32636
327159
329857
32
33024
33042
33055
33057
33071
33073
331654
332102
332157
332248
334107
334108
3342669
3350975
335405
335927
336276
336277
3366853
3366854
336809
337004
3373510
3374594
3375062
3377528
3381669
3382518
3382645
3382693
3382694
3382695
3382696
3382698
3382699
338321
338583
338648
33870
33877
33882
33886
3389389
3389905
3389990
338
3390020
33926
3393728
33951
33969
33973
33981
33983
33986
33993
3400333
3400365
3400368
34008
34019
34037
3404873
3405119
3405233
3405235
3405236
3405237
34067
34069
34072
34084
3408579
34093
34098
3409995
34102
34104
3412738
3414216
3415218
3416099
3417658
3421338
3421489
3422601
3423723
3425211
3425870
343334
3434272
3436058
3436875
346096
347533
349312
349742
351195
352450
352
354349
354354
35753
35798
357
35800
358023
35812
35829
35832
359336
359337
359407
361106
361177
363408
364316
364409
365032
365348
366614
367298
36739
367771
36853
36862
369400
369926
370735
373984
374
375288
375928
376469
376488
376743
377315
378210
379065
379068
379070
37914
379899
379
380738
383614
38501
387658
388463
389486
390805
390846
390876
390988
391952
392332
392733
393005
393029
393661
393764
39643
396811
39773
397864
398041
39845
399320
39948
400060
400634
400947
401469
401618
40222
402649
40323
404432
404
40544
40566
406099
407217
407
409304
40
411566
41201
412033
412592
41273
41275
413435
413496
413
414051
414371
414878
415014
416212
416916
416
41707
417127
418700
419014
420345
42054
42255
423349
423604
42417
425
427753
427922
42837
428711
429014
429
42
432330
43356
434
436357
43668
43673
43676
437504
43773
43947
44000
44011
44013
441
442430
44249
44258
44259
44260
444051
444090
444432
444459
44471
44474
445219
445
44675
447020
447237
447467
447678
447792
449810
449972
44
450526
451512
453161
453229
45402
455076
456492
45654
45662
45667
45669
456826
457933
458032
458839
459520
459532
459786
46123
461
46200
46205
46238
46239
46254
46255
46352
46466
466152
467749
467975
46913
469322
469
471826
47251
472568
472825
47420
475230
475
476528
47670
478070
47
48073
48075
481178
482460
482
484508
48736
489909
490567
49082
49277
495819
496496
497721
497
499228
499
501783
504090
504465
504481
50709
507
508459
50
510690
511434
511678
511745
51194
51196
51228
512381
51366
51514
515417
51668
517
518733
518753
518755
52003
522
526215
527198
528
52959
52972
529881
529883
53246
532
53318
53335
53355
53357
53365
53387
53392
53416
53457
53460
53572
535
53634
538
53945
53
54066
541
54298
54304
543311
544
545865
547
55079
55080
551759
551
556178
556257
558436
559173
55968
55
56106
56112
561367
561555
561
56433
568394
568987
568988
568
56999
570
572511
573139
573657
574697
57479
574899
57493
57494
57495
57499
57665
577309
57739
577469
579
58050
58122
581
582472
583360
583
585890
586
58842
590
59195
59282
59613
596707
59732
59734
59735
59739
59740
59753
599651
599653
59
60136
60892
60919
61170
613
61434
61593
620
622681
623276
626119
626
629
630749
63132
635
637
638847
64001
64159
642
643217
643951
644355
644652
648800
648802
64895
649460
649461
649462
64968
65097
651456
651660
65496
655184
655352
65551
656899
657
658061
659428
662
665568
665874
666508
667113
66831
669357
670486
670516
673534
674734
67572
67575
682522
68287
68288
68335
68
690086
690591
693074
693222
69474
69578
697025
697331
698776
69965
6
702
704093
70411
70774
70994
713
71655
71666
71
72173
724
72763
73029
73778
73918
74030
74032
741759
74317
743714
74385
745364
745410
745
748770
752201
75309
754249
75654
75687
75905
75984
75
76008
76023
762296
762641
76632
76634
767891
76831
76833
76890
768
77021
773
776
780
78526
79206
79328
795750
79598
79603
801
80865
810
81411
81461
81466
81682
816
81
82800
82802
82976
82980
82982
82984
82986
830
832
83461
83551
83612
83614
83618
83654
83677
83681
836
83770
838
84108
84111
84162
841
843
84404
84406
84565
84567
84646
846
84756
848
85043
85072
85073
85076
85108
85413
85
861914
862
863253
86331
864
866673
869806
869
872
875170
88138
881616
884214
885864
88875
889388
88
89092
890
893
89583
896
898
89966
90243
904
906
907197
907364
908623
908626
908935
909656
911
914
91914
919
92793
92944
929509
929812
93217
933
935200
93681
93682
939
93
940550
940557
943
946234
947525
953
958
963
96492
96
97050
970
978
983507
98443
986106
987053
990721
991903
99479
99906
99
3440766
3444169
