100048
1001222
1004301
1004303
100474
1005038
1006480
1007082
100715
1007
100815
1008195
100860
100953
101095
101106
101191
1013
1016
1017280
101851
102106
102115
1021
102231
102234
10242
10257
10260
10265
10270
10275
10278
10282
10286
10294
1030
10319
1033
10358
10365
1036719
10375
10379
10405
1041
104204
104264
104267
10437
104394
1047167
10473
10475
104766
1048757
10487
10491
10492
10494
10509
1051666
1051898
1051
1052105
1052159
1054211
10552
1055323
1055688
1055692
1056
105767
105850
105983
105
1060
106146
10639
10652
106589
106591
10660
106633
10663
1068
1069494
1070314
1070
1073531
1073986
1073987
1073
1075397
1075398
1076625
1077254
1077265
1078829
1078904
1079112
1079922
107
10803
10806
1080709
10812
10813
10814
1081630
1081
1082702
1082930
1084558
108525
10852
1085622
10856
10861
10875
10878
10882
10892
10911
10912
109168
1091
109262
109471
1095182
1097443
10979
10981
10985
10988
10992
1099
10
11007
1100891
110092
110103
11011
11014
11019
1101
11040
110456
1107
110932
110934
11095
11102
111142
1111
1114981
111500
11155
111782
111830
112008
112040
1120752
1122283
11229
1123967
1123
112415
1124625
112488
112497
1125
11271
11286
1129544
1129704
112987
1129
11305
11306
1132856
113286
1134403
113604
1137960
113
114154
114185
114248
1142
1145345
114627
1148163
1152
1155385
1155738
1156568
11572
115782
11584
1158
1159901
1159909
116071
1160973
1161125
1161127
11618
1163
11640
11646
1164882
1165076
1167830
117156
1172191
1172428
1175554
117563
1177214
1177
117999
118139
118259
1182780
1184396
1184606
1185408
1186
118747
1188227
118
119044
1190
119164
1193324
1193503
1193515
119492
1195526
1196389
1196844
1198137
1198139
1198140
1198976
1198980
1198
119977
119979
120212
12036
1204360
12050
12051
12057
12059
1205
120652
120831
12091
1209327
120961
1209946
1209988
12103
12109
1211036
1213379
1213720
12137
12141
12148
12160
121621
12163
1217416
12174
12176
1217823
121820
1218487
1218489
121871
1218
12195
1221209
1221880
122277
1223303
1223423
12234
12258
12266
12269
12270
1227948
1227
12289
12291
12293
1229970
12300
1230390
12304
1230698
1231242
12316
12320
1232637
1232640
1232647
1232658
12326
1232738
1232754
12329
123375
1234545
1234
1237
123
1243
124426
1246884
1249016
125216
125287
125369
1253
1255275
1257
1263978
1263
1266053
1266
1269031
1269048
1269201
1269
1270155
1273155
1274351
1276290
1278221
1279
127
1283209
1283211
1283308
1284657
1285588
1285591
1285593
1285597
1285599
1287916
1288026
129001
12914
1291539
12916
129311
129337
1294511
1295327
1295378
129577
12960
12967
129725
1298630
1298631
1298632
1298653
129876
1298
1299297
1299306
1299307
1299308
1299309
1299310
1299311
1299312
1299313
1299429
129957
1301080
1301
1302410
13034
13075
1307798
1307799
130795
1308858
131079
1312873
131324
13134
1322061
132607
13275
1329200
1330065
1330067
1330069
1330545
1330546
1330547
1331051
133193
133407
13348
1335483
1335631
1335745
13366
133746
133925
133
1344552
134550
134813
1348505
1348508
1348611
1348911
1350
1351751
1354809
135575
135587
13562
1357
135858
136099
136466
13687
13724
1372
137583
1375
137757
1377992
1378
1379908
1380
1381133
138117
1382832
1386924
1386
1387562
138954
138
1392389
139276
1392997
1395974
1396492
13
1400133
1400386
140052
1401161
140295
140410
140458
140568
1406135
1406885
1407056
1408194
141450
141948
142577
142786
1431456
1431544
1432051
143222
1433402
1433986
1433992
1433993
1433995
1433996
1433997
1433999
1434002
1434006
1434007
1434009
1434010
1434011
1434014
1434019
1434022
1434026
1434029
1434032
1434037
1434042
1434045
1434046
1434050
1436289
143901
143919
143920
144051
1443590
1443919
1445504
1448928
1450140
1450170
145260
1453359
1453544
1454725
146761
146784
146785
146805
146825
146918
146936
146937
146
1470540
147067
1471399
1472344
147262
1472762
1481451
1481960
1484898
1485594
1485
1486720
148959
1491776
1492710
1494215
1494427
1495649
149698
150022
1500560
1501226
150203
1502180
150247
1502725
1502941
150366
1504576
1505652
1505657
1505664
1506553
1506574
1506577
1506581
1507401
150830
1508451
1508657
1509243
1511083
1511635
1511648
1511649
1511771
1511775
1511778
1511780
1511782
1511802
1511804
1511808
1511809
1511810
1511811
1511853
1511854
1511856
1511859
1511861
1511864
1511888
1511911
1513201
1513223
1513230
1513236
1513238
1513239
1513240
1513241
1513242
1513243
1513244
1513245
1513246
1513277
1513295
1513299
1513300
1513308
1513458
1518147
1518149
1519186
1520333
152053
152161
152180
1522056
1522128
1522201
1522431
1522432
152267
152317
1524214
1524217
1524249
1525371
153057
153135
153136
153137
153232
153265
153497
1535207
1537406
1539666
154116
1541445
1541670
1541743
1541822
1542744
1542963
154322
1543704
1543705
1546255
1549129
1551504
155493
155862
155977
156207
156208
1562
1564515
1565313
1565532
156885
156973
156993
1569
157226
1572860
1573407
1573808
1573
157591
1578
157913
157920
1579505
1579506
157
1582879
158481
158483
158846
158848
158851
158876
159191
1593364
1594166
1597779
1602338
1602345
1604696
160674
1607807
160795
160798
1608298
1609627
1612157
1612611
161492
1616789
1617805
162027
1620790
1621534
162171
162289
1623273
1623274
1623275
1623276
1623277
1623278
1623280
1623281
1623282
1623283
1623284
1623285
1623286
1623287
1623288
1623289
1623290
1623292
1623293
1623295
1623297
1623298
1623299
1623300
1623301
1623302
1623303
1623304
1623305
1623306
1623307
1623308
1623309
162387
162491
1632780
1633384
1636617
1636618
1637257
1637
1643951
1644057
1644062
164450
1645
1647173
1647175
1647
1648491
1648508
1649295
1649298
1649317
1649331
1649453
1649454
1649457
1649459
1649460
1649461
1649463
1649466
1649468
1649474
1649475
1649478
1649479
1649480
1649482
1649486
1649490
1649491
1649495
1649499
1649506
1649510
1649
1651
1652133
165301
1653174
1653176
1653394
1653395
165440
1654718
1654787
1654931
1654
1656823
165695
165696
165697
165779
165812
1658781
1659770
1663717
1663
166484
166953
167346
167375
1676125
1676142
167639
1676651
1677050
1678142
1678
1679002
1679449
1682492
168470
1686313
168657
168694
168808
168934
169055
169133
1692042
169682
1696
1697958
1699375
1699619
16
1705353
1706033
1706036
170610
1707
171003
171163
1714268
171436
1716
171868
171
1720323
1720324
1729679
1730
173479
1734920
1738645
1738655
1740
1742636
1742974
1742977
1742983
1742989
1742990
1742991
1742992
1742993
1743
1744881
1745211
174684
174708
1747770
1747777
1748295
174951
1751872
175304
1754
1755587
1755589
1755672
1755825
1755829
1755832
1759331
1759396
1760987
1763521
1763827
1763
1765964
1766253
1769008
1769012
1769710
1769718
1769726
1769729
1769732
1773450
1775292
1775424
1775688
1775705
1778601
1778653
1779002
1779136
178440
178469
178898
1792291
1792303
1795639
179
180162
180252
180255
1802983
1804663
1804794
180541
1808977
181083
181084
181085
1810868
181086
1811811
1812772
1813601
1813
1817
1820337
1822464
182269
1825023
182639
1826864
182709
1827195
1827
182899
1835
1838142
1839
1843185
1843210
1844015
184431
184751
1847725
1847
1848399
184869
184923
1849822
1849973
1849
1851468
1851
1854
1855402
1855413
1855416
1857011
185753
185754
185756
185757
185758
185759
1857843
1857844
1857845
1857846
1857889
1858563
1859128
1860077
1860196
1860
1861863
186188
186191
1862
186457
186458
186532
186533
1865
186650
186666
186667
1866885
1866954
186764
186765
186767
186768
186777
186778
186783
186789
186794
1868215
186831
1868332
186844
186845
186846
186886
186914
1869285
186938
1870884
187144
187212
187213
187214
187217
187218
1873
1874526
1874621
187492
187
188143
1882917
1883068
1883
1884449
1884454
1884455
1884456
1884458
1884926
1885570
188905
1890059
1890407
1891669
1891713
1891714
1891715
1891716
189326
189330
1897649
18
1902583
190323
1903434
1903858
1904377
1905344
1906657
1906659
1906660
1906661
1906945
190729
190818
190972
191028
1910789
1910931
1910951
1910952
1910991
1910992
1910993
1911549
1911556
1911565
1911573
1911577
1911599
1911600
1911601
1911602
1911604
1911605
1911606
1911929
1912143
1912144
1912215
1912216
1912359
1912760
1912771
191291
191301
191303
1913444
1913605
1913650
1913651
1913652
1913653
1913654
1914165
1914293
1914295
1914296
1914299
1914449
1914566
1914567
1914850
1914851
1914852
191494
1915204
1915205
1915381
1915401
1917220
191769
1917979
1917990
1918010
1918013
1918017
1918385
1918454
1918522
1918536
1918540
1918598
1918718
1918721
1918725
1918728
1918730
191
1920207
1920247
1920492
1920494
1920750
1920753
1920762
1920771
1920774
1920860
1920864
1920865
1920866
1920992
1921016
1921117
1921122
1921125
1921184
1921407
1921431
1921433
1921525
1921544
1921553
1921556
1921582
1921696
1921703
1921704
1921707
1921709
1921772
1921776
1921784
1921823
1922207
1922209
1922210
1922241
1922243
1922327
1922329
1924110
1925779
1925802
1926259
1926556
1926667
1926677
1927833
1928820
1929090
1929757
192992
1930830
1930845
1931200
1932909
1932911
1932924
1934375
1934947
1935184
1936111
1937972
1938335
1940138
1940143
1940842
1941236
1941238
194195
194960
194961
194
1955413
1955420
195950
1960084
196013
196080
196081
196082
196118
196119
196136
1961799
1964366
1970191
1972611
1972682
1977139
1977141
1977142
1977143
1977144
1978532
197911
197912
197913
1980420
1980421
1980442
1980513
1980514
1980517
1980533
1980538
1980697
1980921
1980922
1980928
1980929
1980936
1980937
1980938
1981028
1981050
1981157
1981158
1981159
1981958
1982076
1982086
1982088
1982091
1982095
1982099
1982101
1982104
1982106
1982111
1982113
1982150
1982152
1982218
1982220
1982222
1982227
1982236
1982239
1982244
1982251
1982355
1982359
1982367
1982370
1982372
1982375
198251
1982554
1982557
1982562
1982566
1982569
1982573
1982576
1982583
1982587
1982590
1982594
1982745
1982748
1982879
1982880
1982881
1982897
1982898
1982899
1982900
198346
1983734
1983735
1983744
1984773
1984776
1984786
1984788
1984798
1985181
1985292
1985293
1985303
1985325
1985328
1985329
1985365
1985366
1985367
1985368
1985369
1985370
1985687
1985692
1985709
1985711
1985720
1985733
1986961
1987146
1988031
1988
1993641
1993653
1993858
1995
1996557
199703
2000
2003390
2003394
2003395
200414
2004661
2004797
2005059
2005355
2005375
2005380
2005386
2005509
2005
200903
201096
2013
2014233
2017961
2018044
2019482
2019
2022640
2022641
2022711
2022739
2022856
2022857
2023214
2023
2024975
2025077
2025078
2025617
202746
2028344
202907
202949
2029
203133
203135
203193
2033601
2033608
2034504
2034995
2034997
2034998
2034
203522
203525
2035349
2035712
2035811
2035978
2036001
2036021
203804
2038244
2038280
2038635
2038676
2038733
2038
2039236
2039240
2039302
2039639
2039723
2040262
204037
2040
2041757
2041902
2042066
204286
204447
204456
204476
2044
2045098
2045213
2045416
204619
2048137
2049301
2049885
2050
2051044
2053
2055850
2055880
2056696
2056
2058174
2058187
2058189
205889
2060084
2060094
2060722
2060
2063
2066071
2066914
2066992
2071
207244
2072583
2077
2078575
2078948
2081418
208215
2082587
208294
2083206
208447
2093783
2093823
2093
2094023
2094720
209
20
2100741
2100760
2100764
210567
2108524
2109360
2115980
2125985
2126281
2126548
212742
212743
212744
212790
212791
2129
2132
213485
2136036
2147
214904
214906
215249
215251
215920
2160
2162630
2163168
216431
216851
2169532
2169534
2169536
2169569
2169575
2169607
2169608
2169609
2169610
2169611
2169612
2169613
2169614
2169615
2169616
2169617
2169618
2169619
2169620
2169621
2169622
2169623
2169624
2169625
2169626
2169627
2169628
2169629
2169630
2169631
2169632
2169636
2169637
2169638
2169639
2169640
2169641
2169642
2169643
2169644
2169645
2169646
2169647
2169648
2169649
2169650
2169651
2169652
2169653
2169655
2169656
2169657
2169658
2169659
2169660
2169661
2169662
2169663
2169664
2169665
2169666
2169667
2169668
2169669
2169670
217160
217161
2172004
2172100
2172
2173039
2174073
2174848
2175957
2175
218207
2184
219181
2192
2195
2200736
2202
220339
2204
2207
221065
2211635
2211638
2211641
2219049
2219055
2220
2222
2225
222991
222
2233801
2233
223785
2237
2239
224458
2249462
2249
2250122
225143
2251
2256
225842
2260
2263
2268
226991
226
227085
2270
227307
227388
2273
2276
227873
227979
2279
2282523
2282741
2282742
228398
2284
2289
229219
2293313
2299
22
2301194
2302
2303321
2303528
230355
2304687
2304691
230494
230666
2308
231454
2314
2316020
231683
2316
2319
2321111
2321114
2321115
2321187
2321204
2321
232244
232523
232799
233099
2330
233189
233191
2335
2349
234
2351
235572
2357
235888
236752
2370
237179
2375
237
2383
238749
238783
239759
239934
240411
241192
241409
241421
242060
2420
2422
2425
242605
243023
2433
243627
244127
244698
245186
245876
246861
246875
2478349
248038
2483368
248744
2489367
2490204
2490452
249185
2493629
2494209
249529
249585
249588
249589
2499609
2499610
2499611
2499612
2499613
2499614
2499615
2499616
2499617
2499674
2499675
2499676
2501366
2501367
2501368
2501796
2501970
2501971
2501972
2501973
2501974
2501975
2501976
2501977
2501978
2501979
2501981
2501994
2501995
2501996
2501997
2501998
2507289
2507291
2507497
2508211
2508220
2508224
2508230
2508231
2508241
2508243
2508244
2508245
2508253
2508256
2508258
2509285
251096
2518495
2518497
252301
252306
252356
2529408
252965
253106
253238
254245
254250
2545692
2545700
2546365
2547964
2560082
2560083
2560084
2560085
2560086
2560087
2560088
2560089
2560090
2560091
2560092
2560093
2560094
2560095
2560096
2560097
2560098
2560099
2560100
2560101
2560102
2560103
2560104
2560105
2560106
2560107
2560108
2560109
2560110
2560111
2560112
2560113
2560115
2560116
2560117
2560118
2560119
2560120
2560121
2560122
2560123
2560124
2560125
2560126
2560127
2560128
2560129
2560130
2560131
2560132
2560133
2560134
2560135
2560136
2560137
2560138
2560139
2560140
2560141
2560143
2560144
2560145
2560146
2560147
2560148
2560149
2560150
2560151
2560152
2560153
2560154
2560155
2560156
2560158
2560159
2560160
2560161
2560162
2560163
2560164
2560165
2560166
2560167
2560168
2560169
2560170
2560171
2560172
2560173
2560174
2560175
2560176
2560177
2560178
2560179
2560180
2560181
2560182
2560183
2560184
2560185
2560186
2560187
2560188
2560189
2560190
2560191
2560192
2560193
2560194
2560195
2560196
2560197
2560198
2560199
2560200
2560201
2560202
2560203
2560204
2560205
2560206
2560207
2560208
2560209
2560210
2560211
2560212
2560213
2560214
2560215
2560216
2560217
2560218
2560219
2560220
2560221
2560222
2560223
2560224
2560225
2560226
2560227
2560228
2560229
2560230
2560231
2560232
2560233
2560234
2560235
2560236
2560237
2560238
2560239
2560240
2560241
2560242
2560244
2560245
2560247
2560248
2560249
2560250
2560251
2560252
2560253
2560254
2560255
2560256
2560257
2560258
256319
256616
256818
256846
2569097
2571159
2571160
2576755
2576890
257820
258075
258255
2582840
2591381
2593687
2596745
2599198
2600304
2601574
2601645
2601651
2603321
2603323
2603324
2605940
2607661
2608728
260964
2609800
2609811
2613912
2614447
261825
261827
261933
261963
262406
262
263370
263377
263510
264688
264995
2650549
265082
2650923
2651279
2651578
2651583
265431
2654634
265487
265488
265570
2656786
265976
265
2661800
2661818
2663134
2663399
2664261
2665910
266808
267408
2674996
2675229
2675230
2675231
2675232
2675233
2675234
2676233
2676247
2676755
2676781
2678343
2678352
267849
2678529
2678885
2678886
267986
2679892
2679910
2680004
2680018
2680020
2680021
2682228
2683599
2685905
2685927
2686004
2689587
2689589
2689624
2690159
2690160
2691417
2692113
2692118
2692382
2692417
269258
269260
2695291
2698688
2698753
2699295
2700084
2701
2703677
2705399
2705406
2706000
2706948
2707020
2709666
2709685
2709686
270
2712688
2713
2714592
2714594
2714737
2715289
2715734
2716172
2716544
2717
2718863
2719231
2719313
2723776
2723
2726810
27308
2731207
27312
273135
2731450
2731621
2731671
2731672
2731674
2731675
2731676
2731677
2731926
2731927
2731928
2731929
2731930
2731931
2731932
2731933
2731934
2731935
2731936
2731937
2731938
2731939
2731940
2731941
2731942
2731943
2731944
2731945
2731946
2731947
2731948
2731949
2731950
2731951
2731952
2731953
2731954
2731955
2731956
2731957
2731958
2731959
2731960
2731961
2731962
2731963
2731964
2731965
2731966
2731967
2731968
2731969
2731970
2731971
2731972
2731973
2731974
2731975
2731976
2731977
2731978
2731979
2731980
2731981
2731982
2731983
2731984
2731985
2731986
2731987
2731988
2731989
2732016
2732017
2732037
2732038
2732049
2732050
2732051
2732061
2732062
2732063
2732064
2732065
2732066
2732068
2732086
2732099
27320
2732368
2732587
2732589
2732653
2732675
2732676
2732677
2732678
2732679
2732680
2732681
2732682
2732683
2732684
2732685
2732686
2732687
2732688
2732689
2732690
2732691
2732692
2732693
2732694
2732695
2732869
2732870
2732871
2732872
2732873
2732874
2732875
2732876
2732877
2732878
2732879
2732880
2732881
2732882
2732883
2732884
2732885
2732886
2732910
2732911
2732912
2732913
2732914
2732915
2732916
2732917
2732918
2732920
2732921
2732922
2732923
2732924
2732925
2732926
2732927
2732928
2732929
2732930
2732931
2732932
2732933
2732937
2732938
2732939
2732960
2732961
2732962
2732963
2732964
2732965
2732966
2732968
2732969
2732970
2732971
2732972
2732973
2732974
2732975
2732976
2732977
2732978
2732979
2732980
2732981
2732982
2732984
2732985
2732987
2732989
2732990
2733081
2733082
2733083
2733084
2733085
2733086
2733087
2733088
2733089
2733090
2733091
2733092
2733093
2733094
2733095
2733096
2733097
2733098
2733099
2733100
2733101
2733102
2733103
2733104
2733105
2733106
2733107
2733108
2733109
2733110
2733111
2733112
2733113
2733115
2733116
2733117
2733118
2733119
2733120
2733121
2733122
2733123
2733124
2733125
2733126
2733127
2733128
2733129
2733130
2733131
2733132
2733133
2733134
2733135
2733136
2733137
2733138
2733139
2733140
2733141
2733142
2733143
2733145
2733146
2733147
2733148
2733149
2733150
2733151
2733152
2733153
2733154
2733155
2733156
2733157
2733158
2733159
2733160
2733161
2733162
2733163
2733164
2733165
2733166
2733167
2733168
2733169
2733170
2733171
2733172
2733173
2733174
2733175
2733176
2733177
2733178
2733179
2733180
2733181
2733182
2733183
2733184
2733185
2733186
2733187
2733188
2733189
2733190
2733191
2733192
2733193
2733194
2733195
2733196
2733197
2733198
2733199
27331
2733200
2733201
2733202
2733203
2733204
2733205
2733206
2733207
2733208
2733209
2733210
2733211
2733212
2733213
2733214
2733215
2733216
2733217
2733218
2733219
2733220
2733221
2733222
2733223
2733224
2733225
2733226
2733227
2733228
2733229
2733230
2733231
2733232
2733234
2733235
2733236
2733237
2733238
2733239
2733240
2733241
2733242
2733243
2733244
2733245
2733246
2733247
2733248
2733249
2733250
2733251
2733252
2733253
2733254
2733255
2733256
2733257
2733258
2733259
2733260
2733262
2733263
2733264
2733265
2733266
2733267
2733272
2733273
2733274
2733275
2733276
2733280
2733281
2733282
2733283
2733284
2733285
2733287
2733288
2733289
2733290
2733291
2733292
2733293
2733294
2733295
2733296
2733297
2733298
2733299
2733300
2733301
2733302
2733303
2733304
2733
2734594
2735
2737
2738399
2738850
2738885
2740557
2742598
2742
2743582
274470
274591
2745
2747
2748674
2749267
2749846
2751156
2755140
2755
2758906
2758920
2759736
2760873
2761499
2761542
2763561
2765402
2765403
2766734
2766927
2767083
2767318
2767323
2767327
2767353
2767358
2767842
2767874
2767875
2767876
2767877
2767878
2767879
2767880
2767881
2767882
2767884
2767885
2767886
2767887
2767888
2767889
2767890
2767891
2767892
2767893
2768684
2768738
2768926
2770094
2772198
2773294
2774146
2778400
2778525
2779868
278028
2780488
2781120
2781121
2781897
2782229
2782231
2785518
2786989
2789201
2789775
278993
2791001
2791118
2792240
2792393
2794837
2794998
2795377
2795605
2795692
2795774
2795775
2795776
2795777
2795778
2795779
2795780
2795781
2795782
2795783
2795865
2795973
2796146
2798309
2798933
2799439
279
28000
2800373
2800384
2800680
2800681
2800682
2800685
2800686
2801844
2802288
2802295
2803301
28033
2803845
2803850
2804231
2804525
280472
28048
28050
2805645
2805681
2806252
28065
28067
2806916
28070
2807414
2807415
2807497
2807511
2808942
28100
28105
2810619
281119
2811380
2811387
2811506
2812019
2812025
2813803
2813804
281472
2815296
2815775
2815785
2815786
2816884
2817383
2818469
28186
281915
28196
28209
282132
2821512
282198
28219
2822114
28222
2822394
2822410
28228
28231
2823232
28236
2824158
2824249
28250
28253
28261
28263
2827482
2828338
2828348
2828366
2831443
2831665
283168
2831916
2831925
2831955
2834348
2834378
2834759
2836216
283735
2837485
2837502
2837503
2837504
2837506
2837507
2837508
2837510
2837511
283785
283810
2838170
2838250
2838311
2838409
283
2840454
2841276
2841277
2841278
2841279
2841280
2841281
2841540
2841677
2842358
2842359
2842361
2842362
2842363
2842364
2842365
2842366
2842367
2842368
2842369
2842370
2842371
2842372
2842373
2842374
2842375
2842376
2842377
2842378
2842379
2842380
2842381
2842382
2842383
2842384
2842385
2842386
2842387
2842388
2842389
2842390
2842391
2842392
2842393
2842395
2842396
2842397
2842398
2842399
2842400
2842401
2842402
2842403
2842404
2842405
2842406
2842531
2842539
2842540
2842541
2842542
2842543
2842544
2842545
2842546
2842547
2842548
2842549
2842550
2842551
2842552
2842553
2842554
2842555
2842556
2842557
2842558
2842559
2842560
2842561
2842562
2842563
2842564
2842565
2842566
2842567
2842568
2842569
2842570
2842571
2842572
2842573
2842574
2842575
2842576
2842577
2842578
2842579
2842580
2842581
2842582
2842583
2842584
2842585
2842586
2842587
2842588
2842589
2842590
2842591
2842592
2842593
2842594
2842595
2842596
2842597
2842598
2842599
2842600
2842601
2842602
2842603
2842604
2842605
2842606
2842607
2842608
2842609
2842610
2842611
2842613
2842614
2842615
2842616
2842617
2842618
2842619
2842620
2842621
2842622
2842623
2842625
2842626
2842628
2842631
2842632
2842633
2842635
2842636
2842637
2842638
2842639
2842640
2842641
2842642
2842643
2842644
2842645
2842646
2842647
2842648
2842649
2842650
2842651
2842652
2842653
2842654
2842655
2842656
2842657
2842658
2842659
2842660
2842661
2842662
2842663
2842664
2842665
2842666
2842667
2842668
2842669
2842670
2842671
2842672
2842674
2842675
2842676
2842677
2842678
2842679
2842680
2842681
2842682
2842683
2842684
2842685
2842686
2842687
2842688
2842689
2842690
2842691
2842692
2842693
2842694
2842695
2842696
2842697
2842698
2842699
2842700
2842701
2842702
2842704
2842705
2842706
2842707
2842708
2842709
2842710
2842711
2842712
2842713
2842714
2842715
2842716
2842717
2842718
2842719
2842720
2842721
2842722
2842723
2842724
2842725
2842726
2842727
2842728
2842730
2842731
2842732
2842733
2842735
2842736
2842737
2842738
2842739
2842740
2842741
2842742
2842743
2842744
2842745
2842746
2842747
2842748
2842749
2842750
2842751
2842752
2842753
2842754
2842755
2842756
2842757
2842758
2842759
2842760
2842761
2842762
2842763
2842764
2842765
2842766
2842767
2842768
2842769
2842770
2842771
2842772
2842773
2842774
2842775
2842776
2842777
2842778
2842779
2842780
2842781
2842782
2842783
2842784
2842785
2842786
2842787
2842788
2842789
2842790
2842791
2842792
2842793
2842794
2842795
2842796
2842797
2842798
2842799
2842800
2842801
2842802
2842803
2842804
2842805
2842806
2842807
2842808
2842809
2842810
2842811
2842812
2842813
2842814
2842815
2842816
2842817
2842818
2842819
2842820
2842821
2842822
2842823
2842824
2842825
2842826
2842827
2842828
2842829
2842830
2842831
2842832
2842833
2842834
2842835
2842836
2842838
2842839
2842840
2842841
2842842
2842843
2842844
2842846
2842847
2842848
2842849
2842850
2842851
2842852
2842853
2842854
2842855
2842856
2842857
2842858
2842859
2842860
2842861
2842862
2842863
2842864
2842865
2842867
2842868
2842869
2842870
2842871
2842872
2842873
2842874
2842875
2842876
2842877
2842878
2842879
2842880
2842881
2842882
2842883
2842884
2842885
2842886
2842887
2842888
2842889
2842890
2842891
2842892
2842893
2842894
2842895
2842896
2842897
2842898
2842899
2842900
2842901
2842902
2842903
2842904
2842905
2842906
2842907
2842908
2842909
2842910
2842911
2842912
2842913
2842914
2842915
2842916
2842917
2842918
2842919
2842920
2842921
2842922
2842923
2842925
2842926
2842927
2842928
2842929
2842930
2842931
2842932
2842933
2842934
2842935
2842936
2842937
2842938
2842940
2842941
2842942
2842943
2842944
2842945
2842946
2842947
2842948
2842949
2842950
2842951
2842952
2842953
2842954
2842955
2842956
2842957
2842958
2842959
2842960
2842961
2842962
2842963
2842965
2842966
2842967
2842968
2842969
2842970
2842971
2842972
2842973
2842974
2842975
2842976
2842977
2842978
2842979
2842980
2842981
2842983
2842984
2842985
2842986
2842987
2842988
2842989
2842990
2842991
2842993
2842994
2842995
2842996
2842997
2842998
2842999
2843000
2843001
2843002
2843003
2843004
2843005
2843006
2843007
2843008
2843009
2843010
2843011
2843012
2843013
2843014
2843015
2843016
2843017
2843018
2843019
2843020
2843021
2843022
2843023
2843024
2843025
2843026
2843027
2843028
2843029
2843030
2843031
2843032
2843033
2843034
2843035
2843036
2843037
2843038
2843039
2843040
2843041
2843042
2843043
2843044
2843046
2843047
2843048
2843049
2843050
2843051
2843052
2843053
2843054
2843055
2843056
2843057
2843058
2843059
2843060
2843061
2843062
2843063
2843064
2843065
2843066
2843067
2843068
2843069
2843070
2843071
2843073
2843074
2843075
2843076
2843077
2843078
2843079
2843080
2843081
2843082
2843083
2843084
2843085
2843086
2843087
2843088
2843090
2843091
2843092
2843093
2843094
2843095
2843096
2843097
2843098
2843099
2843100
2843101
2843102
2843103
2843104
2843105
2843106
2843108
2843109
2843110
2843111
2843112
2843113
2843114
2843115
2843117
2843118
2843119
2843120
2843121
2843122
2843123
2843124
2843125
2843126
2843127
2843128
2843129
2843130
2843131
2843132
2843133
2843134
2843135
2843136
2843137
2843138
2843139
2843140
2843141
2843142
2843143
2843144
2843145
2843146
2843147
2843148
2843149
2843150
2843151
2843152
2843153
2843154
2843155
2843156
2843157
2843159
2843160
2843161
2843162
2843163
2843200
2843342
2843343
2843344
2843345
2843346
2843347
2843348
2843349
2843350
2843351
2843352
2843353
2843354
2843355
2843356
2843357
2843358
2843360
2843361
2843362
2843363
2843364
2843365
2843366
2843367
2843368
2843369
2843370
2843371
2843372
2843373
2843374
2843376
2843377
2843378
2843379
2843380
2843381
2843382
2843383
2843384
2843385
2843386
2843387
2843388
2843389
2843390
2843391
2843392
2843393
2843394
2843395
2843396
2843397
2843398
2843399
2843400
2843401
2843402
2843403
2843404
2843405
2843406
2843407
2843408
2843409
2843411
2843412
2843413
2843414
2843415
2843416
2843417
2843418
2843419
2843420
2843421
2843422
2843423
2843424
2843425
2843426
2843427
2843428
2843429
2843430
2843431
2843432
2843433
2843434
2843435
2843436
2843437
2843438
2843439
2843440
2843441
2843442
2843443
2843444
2843445
2843447
2843448
2843449
2843450
2843451
2843452
2843453
2843454
2843455
2843456
2843457
2843458
2843459
2843460
2843461
2843462
2843463
2843464
2843465
2843466
2843467
2843468
2843469
2843470
2843471
2843472
2843473
2843474
2843475
2843476
2843477
2843478
2845254
28453
2846749
2847307
2847312
2847769
2847777
2848171
2848177
2849
285107
2853332
2854182
2854186
2855430
2856051
2856573
2857076
2858886
2860235
286104
286114
286130
2861358
2861660
2862144
2862419
2862451
2862745
2867376
286801
286
2870712
2872156
2874214
288021
2881427
2883098
2883109
2883512
2884243
2884814
2885697
2886347
2886823
2886866
288793
28884
2888809
2888818
2888879
28895
2891294
2891322
2891323
2891324
289201
2892396
2892397
2892920
2892997
2893022
2893036
2893055
2893056
2893057
2893058
2893060
2893090
2893197
2893576
2894574
2894762
2894767
2895509
2897311
2897349
2898489
2899790
2899804
29002
2900570
2900571
2901164
2901189
2901261
290174
290180
2902
2903061
2903100
2903106
290425
2904687
2904716
2905123
2905722
2905949
2905967
2907134
2907187
2907493
2907507
2909705
2910589
2910978
2910984
2911176
2911469
2911791
291183
2911855
2912996
2913017
2913022
2913367
2915177
2916693
29175
2917705
2917830
2918913
2919364
2919468
2919589
2919614
2919626
291988
2920401
2920444
2922426
2923290
2923352
292486
2924872
292632
292635
292691
2926991
292833
29287
2929841
2930384
293088
29330
29331
293431
2935559
2937410
29393
29395
29404
29407
2941495
2942894
2942978
2942979
2942980
2942981
2942982
2942989
2942990
2942991
2942992
2942993
2942994
2942995
2943002
2943003
2943004
2943005
2943006
2943007
2943008
2943009
2943010
2943011
2943012
2943013
2943014
2943015
2943016
2943017
2943018
2943019
2943020
2943184
2943286
2943291
2944152
2944193
2944195
2944198
2944547
2944627
2944815
2944849
2945980
2946507
29465
2946607
2946787
2946788
2946789
2946790
2946791
2946792
2946793
2946794
2946795
2946796
2946797
2946798
2946799
2946800
2946802
2946803
2946804
2946805
2946806
2946808
2946809
2946810
2946811
2946812
2946813
2946814
2946815
2946816
2946817
2946818
2946819
2946820
2946821
2946822
2946823
2946824
2946825
2946826
2946827
2946828
2946829
2946830
2946831
2946832
2946833
2946834
2946835
2946836
294702
2948639
2948640
2948641
2948642
2948643
2948644
2948645
2948646
2948647
2948648
2948649
2948650
2948651
2948652
2948653
2948654
2948655
2948656
2948657
2948658
2948659
2948660
2948661
2948662
2948663
2948664
2948665
2948666
2948667
2948668
2948669
2948670
2948671
2948672
2948673
2948674
2948675
2948676
2948677
2948678
2948679
2948680
2948681
2948682
2948683
2948684
2948685
2948686
2948687
2948688
2948689
2948690
2948691
2948692
2948693
2948694
2948696
2948697
2948698
2948699
2948700
2948701
2948702
2948703
2948704
2948705
2948706
2948708
2948709
2948710
2948711
2948712
2948713
2948714
2948715
2948716
2948717
2948718
2948719
2948720
2948721
2948724
2948725
2948726
2948727
2948728
2948729
2948730
2948731
2948732
2948733
2948734
2948735
2948736
2948737
2948738
2948752
2948753
2948754
2948755
2948756
2948757
2948758
2948759
2948760
2948761
2948762
2948763
2948764
2948765
2948766
2948767
2948768
2948769
2948770
2948771
2948772
2948773
2948774
2948775
2948776
2948777
2948778
2948779
2948780
2948781
2948782
2948783
2948784
2948785
2948786
2948787
2948788
2948789
2948790
2948791
2948792
2948793
2948794
2948795
2948796
2948797
2948798
2948799
29487
2948800
2948801
2948802
2948803
2948804
2948805
2948806
2948807
2948808
2948809
2948810
2948811
2948812
2948813
2948814
2948815
2948816
2948817
2948818
2948819
2948821
2948822
2948823
2948824
2948825
2948826
2948827
2948828
2948829
2948830
2948831
2948832
2948833
2948834
2948835
2948836
2948837
2948838
2948839
2948840
2948841
2948842
2948843
2948844
2948846
2948847
2948849
2948850
2948851
2948852
2948854
2948855
2948856
2948857
2948858
2948859
2948860
2948861
2948862
2948863
2948864
2948865
2948866
2948867
2948869
2948870
2948871
2948872
2948873
2948874
2948875
2948876
2948877
2948878
2948879
2948880
2948881
2948882
2948883
2948884
2948885
2948886
2948887
2948888
2948889
2948890
2948891
2948893
2948894
2948895
2948896
2948897
2948898
2948899
2948900
2948901
2948904
2948905
2948906
2948907
2948908
2948909
2948910
2948911
2948912
2948913
2948914
2948915
2948916
2948917
2948918
2948919
2948920
2948921
2948922
2948923
2948924
2948925
2948926
2948927
2948928
2948929
2948930
2948931
2948932
2948933
2948934
2948935
2948936
2948937
2948938
2948939
2948940
2948941
2948942
2948943
2948944
2948945
2948946
2948947
2948948
2948949
2948950
2948951
2948952
2948953
2948954
2948955
2948956
2948957
2948958
2948959
2948960
2948963
2950010
2951106
2951107
2951993
29521
29526
2952773
2953757
2953860
29548
295595
29574
29580
2967089
2967962
2973078
2974251
2974257
2974824
2975149
2975260
2975286
2975521
2975549
2976759
2976977
2978114
2978367
2979332
2981344
2981628
29828
2983163
2983186
2983190
2983819
29849
2986286
2986812
2987594
2987599
2987605
29882
2989683
29907
299261
2992720
299330
2993541
2993618
2994361
2994362
2994363
2994560
2995122
2995234
299566
299568
2995702
2995704
2995706
2996317
2997349
2997360
300264
300275
3003266
301206
3016049
3018276
3020832
3020833
3024226
3024237
3024544
3024823
302485
3025755
3026546
3027666
302781
3029078
3029205
3030
3031148
3031933
303379
3033930
3033996
3034001
3035923
3040948
3042730
3044651
3044652
3044653
3044654
3044655
3044656
3044657
3044658
3044659
3044660
3044661
3044662
3044663
3044664
3044665
3044666
3044667
3044668
3044670
3044671
3044672
3044673
3044674
3044675
3044676
3044677
3044679
3044680
3044681
3044682
3044683
3044684
3044685
3044686
3044687
3044688
3044689
3044690
3044691
3044692
3044693
3044694
3044695
3044696
3044697
3044698
3044699
3044700
3044701
3044702
3044703
3044705
3044706
3044707
3044708
3044709
3044710
3044711
3044712
3044713
3044714
3044715
3044718
3044719
3044720
3044721
3044723
3044724
3044725
3044726
3044727
3044728
3044729
3044730
3044731
3044732
3044733
3044734
3044735
3044736
3044737
3044738
3044739
3044741
3044742
3044743
3044744
3044745
3044746
3044747
3044748
3044749
3044750
3044751
3044752
3044753
3044754
3044755
3044757
3044758
3044759
3044761
3044762
3044763
3044764
3044765
3044766
3044767
3044768
3044769
3044770
3044771
3044772
3044773
3044774
3044775
3044777
3044778
3044779
3044780
3044781
3044782
3044783
3044784
3044785
3044786
3044787
3044788
3044789
3044790
3044791
3044792
3044793
3044794
3044795
3044796
3044797
3044798
3044799
3044800
3044803
3044804
3044805
3044806
3044807
3044809
3044810
3044812
3044813
3044814
3044815
3044816
3044817
3044818
3044820
3044821
3044822
3044823
3044824
3044825
3044826
3044827
3044828
3044829
3044830
3044831
3044832
3044833
3044834
3044835
3044836
3044838
3044839
3044840
3044842
3044843
3044844
3044845
3044846
3044847
3044848
3044849
3044850
3044851
3044852
3044853
3044854
3044855
3044856
3044857
3044858
3044859
3044861
3044862
3044863
3044864
3044865
3044866
3044867
3044868
3044869
3044870
3045815
3045890
3046369
3048127
3049269
3050007
3050722
3050898
3051137
3051138
3051458
3051499
3051548
3056650
3056835
3058346
305899
3059405
3059504
305976
3062336
3064792
3065395
3065676
3065677
3065678
3070965
3072462
3072904
3074372
3074468
3075137
3076095
3076173
307628
3076670
3076685
3078171
3079668
3079908
3079925
3080801
3082135
3085669
3088373
308865
3088728
3088764
3088889
308906
308911
308912
3093638
309512
3097381
3097638
310684
3108736
310911
3110364
311181
311225
311227
3114547
3115661
3116496
3118803
3118923
3118928
312278
3125902
3126915
3126963
3129724
3132181
3134675
3135206
3135281
3136059
3136068
3136917
3137419
3137761
3137766
3138622
3138693
3139173
3139623
3140596
3141690
3142786
3143249
314343
3143704
3143992
3149264
3152473
3152474
3152475
3152477
3152478
3152483
3152484
3152485
3152486
3152487
3152488
3152489
3152499
3152500
3152501
3152503
3152507
3152508
3152509
3152510
3152511
3152513
3152599
3152600
3152601
3152602
3152603
3152607
3152608
3152609
3152611
3152615
3152618
3152619
3152621
3152622
3152623
3152624
3152625
3152626
3152627
3152629
3152630
3152632
3152633
3152634
3152636
3152637
3152639
3152641
3152645
3152646
3152650
3152653
3152668
3152670
3152684
3152691
3152698
3152699
3152700
3152701
3152867
3152873
3152878
3152879
3152880
3152885
3152888
3152891
3152896
3152897
3152898
3152899
3152900
3152905
3152907
3152908
3152909
3152910
3152911
3152912
3152913
3152914
3152915
3152916
3152917
3152920
3152923
3152925
3152926
3152929
3152931
3152934
3152936
3152939
3152950
3152961
3152962
3152963
3152964
3152965
3152966
3152967
3152969
3152970
3152971
3152972
3152974
3152975
3152979
3152981
3152982
3152992
3152994
3152995
3152996
3152998
3153000
3153013
3153014
3153015
3153019
3153020
3153022
3153047
3153055
3153056
3153067
3153070
3153071
3153072
3153073
3153074
3153075
3153077
3153078
3153079
3153080
3153082
3153083
3153089
3153127
3153128
3153129
3153200
3153269
3153270
3153275
315393
3154218
315422
3156481
3157591
3157592
3158337
3160924
3161592
3162691
3162980
3163251
3163253
3163375
3163645
316612
316625
317045
319458
31983
31988
32008
32012
32014
320496
32067
32068
321315
32199
32207
32257
3228940
3228946
3231543
3231549
3231896
323413
3234175
323449
323620
3236652
3236654
3236655
3236656
3236657
3237678
3238478
3238959
3240450
324902
324913
325454
325455
325456
325457
325458
325459
325461
325462
3259750
32613
326319
32631
32636
326606
327159
329857
32
3300567
33024
3303203
33042
33055
33057
33071
33073
331654
33170
33187
33194
33196
33202
332102
332157
332246
332248
332951
333750
333918
333921
333922
334107
334108
334202
334211
334213
3342669
334767
3350975
335405
335927
336276
336277
3366645
3366853
3366854
336809
337004
3373510
3373586
3374594
3375062
3377528
3381669
338191
3382518
3382645
3382693
3382694
3382695
3382696
3382698
3382699
3383206
338321
3385476
338583
338648
3386557
33870
33877
33882
33886
3389389
3389905
3389990
338
3390020
33926
3393728
33951
33969
33973
3397668
33981
33983
33986
33993
3400333
3400365
3400368
34008
34019
34037
3404873
3405119
3405233
3405235
3405236
3405237
34067
34069
34072
34084
3408579
34093
34098
3409995
34102
34104
3412738
3414216
3415185
3415218
3416099
3417658
341939
341940
3421338
3421489
3422601
3423723
3424891
3424908
3424909
3424910
3424920
3424927
3424928
3424929
3424939
3424940
3424944
3424976
3425038
3425048
3425078
3425081
3425082
3425084
3425105
3425107
3425117
3425211
3425741
3425757
3425768
3425870
343334
3434272
34348
3436058
3436875
34392
3440766
3444169
34448
34474
346096
346673
347533
349312
349742
35089
351195
35127
35235
352450
352476
352
35323
353799
354349
354354
35753
35798
357
35800
358023
35812
35829
35832
359336
359337
359407
36034
36048
36065
361106
361177
363408
364316
364409
364710
365032
365348
366614
367188
367298
36739
367771
36853
36862
36906
36910
36913
36922
369400
369926
370735
371730
373984
374468
374469
37467
374
375288
375928
376170
376469
376488
376743
377315
378193
378210
37840
379065
379068
379070
37914
379546
379899
37991
379
380738
383614
38501
387342
387658
388463
38946
389486
390805
390846
390876
390988
391952
392332
392733
393005
393029
393661
393764
395331
395590
39643
396811
39709
39725
39730
39731
39734
39739
39742
39743
39749
39750
39751
39752
39755
39759
39760
39773
397864
398041
39845
399320
39948
400060
400634
400947
40121
40122
401469
401618
401624
40222
402649
40272
40274
40276
40323
40354
404432
40443
40466
404
40544
40566
406099
407217
407
409304
40
410829
411566
41201
412033
41247
412592
41273
41275
412764
413435
413496
413970
413
414051
414371
414878
415014
416212
41674
41687
416916
416
41707
417127
418700
419014
41980
420345
42054
42255
42308
423349
423604
42360
42367
42398
42417
425
427753
427922
42837
428711
429014
429
42
430999
43220
432330
43356
43430
434
436357
43668
43673
43676
43680
437504
43773
43927
43947
44000
44011
44013
44055
441
442430
44249
44258
44259
44260
444051
444090
44417
444432
444459
44471
44474
445219
445
44675
447020
447237
447467
447678
447792
449810
449972
44
450526
45141
451512
45153
45234
45244
453161
453229
45402
455076
456492
45654
45662
45667
45669
456826
45787
457933
458032
458839
459520
459532
459786
45989
460517
46123
461281
461
46200
46205
462253
46238
46239
46254
46255
46352
46466
466152
46631
467749
467975
46913
469322
469
470095
47022
471826
47251
472568
472825
47420
475087
475230
4753
475861
475
476528
47670
4769
47747
477695
4778
477967
478070
4780
47830
4783
47
48073
48075
481178
4815
482135
482460
482
483074
4830
4836
4838
4842
484508
48558
4867
48736
4895
489909
490567
490731
49082
4910
4919
49277
4930
4943
4948
4951
4953
495819
4958
496496
497721
497726
497
498374
498845
499228
499551
4998
499
501783
5027
5036
504090
504465
504481
5052
50709
5073
507510
507753
507
508459
5086
5094
50
5100
510690
511434
5115
511678
511745
51194
51196
51228
512381
51366
5140
5144
5146
5149
51514
515417
5157
51668
5179
517
518733
518753
518755
5193
52003
5206
5209
522
5260
526215
5269
527198
5280
528
52959
5296
52972
529881
529883
5305
5320
53246
5324
532
53318
53335
5333
53355
53357
53365
53387
53392
5340
53416
53457
53460
5352
53572
5357
535
53634
5379
538
53945
53
54066
54096
541
54247
54251
54253
54258
54260
542837
542959
542960
54298
54304
543311
544
5453
5455
545865
545932
5475
547
548651
548686
548687
548688
548689
5498
5500
5506
55079
55080
55170
551759
55193
551
5529
5533
5540
5543
5550
55528
5552
556178
556257
5569
5579
558016
558017
558018
558019
5581
5583
558436
5587
559173
55968
5598
55
5605
56106
561108
56112
561367
561555
561
5629
56433
5644
564640
564643
564646
5658
56635
56688
568394
5683
568987
568988
568
5690
56999
570266
570
5721
5723
572511
573012
573055
573139
573657
5740
574697
574786
57479
574899
5748
57493
57494
57495
57499
5754
5758
5761
57665
577309
57739
577469
5782
579
5800
58050
5806
5810
58122
581
5820
582472
583360
583
585890
586132
586418
586425
5864
586
5873
58842
5884
5890
590
59195
59282
5931
59613
596707
59732
59734
59735
59739
59740
59753
599651
599653
599737
599838
59
60136
6033
6038
604195
60846
60892
60919
61170
61396
613
61434
61593
62098
620
622681
623276
62608
626119
626
629
630749
63132
63261
63265
63298
63399
635
63742
63743
637
638847
64001
64159
642
643217
643951
644355
644652
645516
64560
64561
64629
64651
648800
648802
64895
649460
649461
649462
64968
65097
651456
651660
65412
65496
655184
655352
65551
656899
657
658061
659428
660063
662756
662
665568
665874
666508
667113
66735
66739
66831
669357
670486
670516
673534
674734
674952
674962
674970
674976
674981
675059
675062
675065
675066
675070
675073
675076
67572
67575
675844
675845
67608
67753
680114
680115
680116
680194
680277
680287
682522
68287
68288
68335
685950
686982
687331
687332
687333
687334
687335
687336
687337
687338
687339
688353
688449
689759
68
690086
690591
691955
691957
692605
693074
693222
693996
694002
694013
694018
69474
69578
695982
69655
696855
697025
697331
698776
699166
699180
699181
699182
69965
6
70110
701936
702
704093
70411
70774
70994
71151
71245
713
71655
71666
71950
71
72143
72173
724
72763
73029
73778
73918
74030
74032
741162
741759
742914
74317
743714
74385
744724
745364
745410
745
748770
749461
74968
752201
75309
754249
75654
75687
75905
75984
75
76008
76023
762296
762641
76632
76634
766728
766733
766748
766759
766765
767891
76831
76833
76886
76890
768
77021
773
776
77924
780
78156
78526
79206
79328
795750
79598
79603
801
80635
80744
80865
810
81411
81416
81461
81466
81682
816
81
82105
82800
82802
82976
82980
82982
82984
82986
830
832
83461
83551
83612
83614
83618
83654
83677
83681
836
83770
83822
83867
838
84108
84111
84162
841
843
84404
84406
84565
84567
84646
846
84756
848
85043
85072
85073
85076
85108
85413
85650
85651
85947
85
86026
861914
862
863253
86331
864
866547
866673
869806
869896
869
871740
872
873551
875170
877559
88129
88138
881616
884214
885864
88723
88875
889388
88
89092
890
893
89583
896
898
89966
90243
90254
904
906
907197
907364
908623
908626
908935
909656
911
91493
914
91559
91914
919
926359
92793
92901
92944
929509
929812
93111
93217
933
934799
934800
934802
934803
934804
935200
935635
935641
935646
935650
936056
936057
936058
936061
93681
93682
937848
939
93
940550
940557
943
946234
94642
947096
947525
95337
95339
95341
953
958
96312
963
96492
96
97050
970
978
983507
98402
98443
986106
987053
990721
991903
993034
99479
99906
99
