100953
10242
10257
10260
10265
10270
10275
10278
10282
10286
10294
10319
10358
10365
10375
10379
10405
10437
104394
10473
10475
104766
10487
10491
10492
10494
10509
1052159
10552
10639
10652
10660
10663
10803
10806
10812
10813
10814
10852
10856
10861
10875
10878
10882
10892
10911
10912
10979
10981
10985
10988
10992
11007
11011
11014
11019
11040
110456
11095
11102
11155
11229
11271
11286
11305
11306
11572
11584
1159901
11618
11640
11646
118139
119164
119492
1196844
1198137
1198139
1198140
1198976
1198980
12036
12050
12051
12057
12059
12091
12103
12109
1213379
12137
12141
12148
12160
12163
12174
12176
1218487
1218489
12195
12234
12258
12266
12269
12270
12289
12291
12293
12300
1230390
12304
12316
12320
1232637
1232640
1232647
1232658
12326
1232738
1232754
12329
1283209
1283211
1283308
1285588
1285591
1285593
1285597
1285599
129725
1298630
1298631
1298632
1298653
129876
1299297
1299306
1299307
1299308
1299309
1299310
1299311
1299312
1299313
1299429
1307798
1307799
1308858
1312873
1330065
1330067
1330069
136466
137757
138954
140052
140295
140410
140568
142786
1431456
143901
143919
143920
144051
146761
147262
1481451
1506574
1506581
1507401
1511083
1511771
1511775
1511778
1511780
1511782
1511802
1511804
1511808
1511809
1511810
1511811
1511853
1511854
1511856
1511859
1511861
1511864
1511888
1511911
1513201
1513223
1513230
1513236
1513238
1513239
1513240
1513241
1513242
1513243
1513244
1513245
1513246
1513277
1513295
1513299
1513300
1513308
1513458
153057
153135
153136
153137
1542744
154322
156207
156208
1623273
1623274
1623275
1623276
1623277
1623278
1623280
1623281
1623282
1623283
1623284
1623285
1623286
1623287
1623288
1623289
1623290
1623292
1623293
1623295
1623297
1623298
1623299
1623300
1623301
1623302
1623303
1623304
1623305
1623306
1623307
1623308
1623309
162387
1636617
1636618
1653394
1653395
1659770
1678142
169682
1714268
1720323
1720324
1748295
1755587
1755589
180252
180255
181083
181084
181085
181086
184751
185753
185754
185756
185757
185758
185759
1857843
1857844
1857845
1857846
1857889
186457
186458
186532
186533
186666
186667
186764
186765
186767
186768
186777
186778
186783
186789
186794
1868215
186844
186845
186846
186886
186914
186938
187212
187213
187214
187217
187218
1883068
1884454
1884455
1884456
1884458
1885570
1891713
1891714
1891715
1891716
190729
1910931
1910951
1910952
1910991
1910992
1910993
1911599
1911600
1911601
1911602
1911604
1911605
1911606
1911929
1912143
1912144
1912760
1913605
1913650
1913651
1913652
1913653
1913654
1914165
1914293
1914295
1914296
1914299
1914566
1914567
1914850
1914851
1914852
1915204
1915205
1917979
1917990
1918010
1918013
1918017
1918522
1918718
1918721
1918725
1918728
1918730
1920492
1920494
1920750
1920753
1920762
1920771
1920774
1920860
1920864
1920865
1920866
1921016
1921117
1921122
1921125
1921184
1921407
1921431
1921433
1921525
1921544
1921553
1921556
1921696
1921703
1921704
1921707
1921709
1921772
1921776
1921823
1922207
1922209
1922210
1922241
1922243
1922327
1922329
1925779
1925802
1932909
1932911
1932924
1941236
1941238
194960
194961
1972611
1972682
1977139
1977141
1977142
1977143
1977144
1978532
197911
197912
197913
1980420
1980421
1980442
1980517
1980533
1980538
1980921
1980922
1980928
1980929
1980936
1980937
1980938
1981157
1981158
1981159
1982076
1982086
1982088
1982091
1982095
1982099
1982101
1982104
1982106
1982111
1982113
1982150
1982152
1982218
1982220
1982222
1982227
1982236
1982239
1982244
1982251
1982355
1982359
1982367
1982370
1982372
1982375
1982554
1982557
1982562
1982566
1982569
1982573
1982576
1982583
1982587
1982590
1982594
1982745
1982748
1982879
1982880
1982881
1982897
1982898
1982899
1982900
1983734
1983735
1983744
1984773
1984776
1984786
1984788
1984798
1985181
1985292
1985293
1985303
1985325
1985328
1985329
1985365
1985366
1985367
1985368
1985369
1985370
1985687
1985692
1985709
1985711
1985720
1985733
1986961
1987146
1993641
1993858
199703
2003390
2003394
2003395
2005059
2005509
2022640
2022641
2022739
2022856
2022857
2025077
2025078
2034995
2034997
2034998
2049885
2060084
208294
2094720
2136036
215920
2169532
2169534
2169536
2169569
2169575
2169607
2169608
2169609
2169610
2169611
2169612
2169613
2169614
2169615
2169616
2169617
2169618
2169619
2169620
2169621
2169622
2169623
2169624
2169625
2169626
2169627
2169628
2169629
2169630
2169631
2169632
2169636
2169637
2169638
2169639
2169640
2169641
2169642
2169643
2169644
2169645
2169646
2169647
2169648
2169649
2169650
2169651
2169652
2169653
2169655
2169656
2169657
2169658
2169659
2169660
2169661
2169662
2169663
2169664
2169665
2169666
2169667
2169668
2169669
2169670
217160
220339
2219049
2219055
227307
232799
249185
249585
249588
249589
2499609
2499610
2499611
2499612
2499613
2499614
2499615
2499616
2499617
2499674
2499675
2499676
2501366
2501367
2501368
2501970
2501971
2501972
2501973
2501974
2501975
2501976
2501977
2501978
2501979
2501981
2501994
2501995
2501996
2501997
2501998
2507289
2507291
2507497
2508211
2508220
2508224
2508230
2508231
2508241
2508243
2508244
2508245
2508253
2508256
2508258
2509285
251096
2560082
2560083
2560084
2560085
2560086
2560087
2560088
2560089
2560090
2560091
2560092
2560093
2560094
2560095
2560096
2560097
2560098
2560099
2560100
2560101
2560102
2560103
2560104
2560105
2560106
2560107
2560108
2560109
2560110
2560111
2560112
2560113
2560115
2560116
2560117
2560118
2560119
2560120
2560121
2560122
2560123
2560124
2560125
2560126
2560127
2560128
2560129
2560130
2560131
2560132
2560133
2560134
2560135
2560136
2560137
2560138
2560139
2560140
2560141
2560143
2560144
2560145
2560146
2560147
2560148
2560149
2560150
2560151
2560152
2560153
2560154
2560155
2560156
2560158
2560159
2560160
2560161
2560162
2560163
2560164
2560165
2560166
2560167
2560168
2560169
2560170
2560171
2560172
2560173
2560174
2560175
2560176
2560177
2560178
2560179
2560180
2560181
2560182
2560183
2560184
2560185
2560186
2560187
2560188
2560189
2560190
2560191
2560192
2560193
2560194
2560195
2560196
2560197
2560198
2560199
2560200
2560201
2560202
2560203
2560204
2560205
2560206
2560207
2560208
2560209
2560210
2560211
2560212
2560213
2560214
2560215
2560216
2560217
2560218
2560219
2560220
2560221
2560222
2560223
2560224
2560225
2560226
2560227
2560228
2560229
2560230
2560231
2560232
2560233
2560234
2560235
2560236
2560237
2560238
2560239
2560240
2560241
2560242
2560244
2560245
2560247
2560248
2560249
2560250
2560251
2560252
2560253
2560254
2560255
2560256
2560257
2560258
260964
2731207
2731621
2731671
2731672
2731674
2731675
2731676
2731677
2731926
2731927
2731928
2731929
2731930
2731931
2731932
2731933
2731934
2731935
2731936
2731937
2731938
2731939
2731940
2731941
2731942
2731943
2731944
2731945
2731946
2731947
2731948
2731949
2731950
2731951
2731952
2731953
2731954
2731955
2731956
2731957
2731958
2731959
2731960
2731961
2731962
2731963
2731964
2731965
2731966
2731967
2731968
2731969
2731970
2731971
2731972
2731973
2731974
2731975
2731976
2731977
2731978
2731979
2731980
2731981
2731982
2731983
2731984
2731985
2731986
2731987
2731988
2731989
2732016
2732017
2732037
2732038
2732049
2732050
2732051
2732061
2732062
2732063
2732064
2732065
2732066
2732068
2732086
2732099
2732589
2732653
2732675
2732676
2732677
2732678
2732679
2732680
2732681
2732682
2732683
2732684
2732685
2732686
2732687
2732688
2732689
2732690
2732691
2732692
2732693
2732694
2732695
2732869
2732870
2732871
2732872
2732873
2732874
2732875
2732876
2732877
2732878
2732879
2732880
2732881
2732882
2732883
2732884
2732885
2732886
2732910
2732911
2732912
2732913
2732914
2732915
2732916
2732917
2732918
2732920
2732921
2732922
2732923
2732924
2732925
2732926
2732927
2732928
2732929
2732930
2732931
2732932
2732933
2732937
2732938
2732939
2732960
2732961
2732962
2732963
2732964
2732965
2732966
2732968
2732969
2732970
2732971
2732972
2732973
2732974
2732975
2732976
2732977
2732978
2732979
2732980
2732981
2732982
2732984
2732985
2732987
2732989
2732990
2733081
2733082
2733083
2733084
2733085
2733086
2733087
2733088
2733089
2733090
2733091
2733092
2733093
2733094
2733095
2733096
2733097
2733098
2733099
2733100
2733101
2733102
2733103
2733104
2733105
2733106
2733107
2733108
2733109
2733110
2733111
2733112
2733113
2733115
2733116
2733117
2733118
2733119
2733120
2733121
2733122
2733123
2733124
2733125
2733126
2733127
2733128
2733129
2733130
2733131
2733132
2733133
2733134
2733135
2733136
2733137
2733138
2733139
2733140
2733141
2733142
2733143
2733145
2733146
2733147
2733148
2733149
2733150
2733151
2733152
2733153
2733154
2733155
2733156
2733157
2733158
2733159
2733160
2733161
2733162
2733163
2733164
2733165
2733166
2733167
2733168
2733169
2733170
2733171
2733172
2733173
2733174
2733175
2733176
2733177
2733178
2733179
2733180
2733181
2733182
2733183
2733184
2733185
2733186
2733187
2733188
2733189
2733190
2733191
2733192
2733193
2733194
2733195
2733196
2733197
2733198
2733199
2733200
2733201
2733202
2733203
2733204
2733205
2733206
2733207
2733208
2733209
2733210
2733211
2733212
2733213
2733214
2733215
2733216
2733217
2733218
2733219
2733220
2733221
2733222
2733223
2733224
2733225
2733226
2733227
2733228
2733229
2733230
2733231
2733232
2733234
2733235
2733236
2733237
2733238
2733239
2733240
2733241
2733242
2733243
2733244
2733245
2733246
2733247
2733248
2733249
2733250
2733251
2733252
2733253
2733254
2733255
2733256
2733257
2733258
2733259
2733260
2733262
2733263
2733264
2733265
2733266
2733267
2733272
2733273
2733274
2733275
2733276
2733280
2733281
2733282
2733283
2733284
2733285
2733287
2733288
2733289
2733290
2733291
2733292
2733293
2733294
2733295
2733296
2733297
2733298
2733299
2733300
2733301
2733302
2733303
2733304
2734594
2763561
2841276
2841277
2841278
2841279
2841280
2841281
2842358
2842359
2842361
2842362
2842363
2842364
2842365
2842366
2842367
2842368
2842369
2842370
2842371
2842372
2842373
2842374
2842375
2842376
2842377
2842378
2842379
2842380
2842381
2842382
2842383
2842384
2842385
2842386
2842387
2842388
2842389
2842390
2842391
2842392
2842393
2842395
2842396
2842397
2842398
2842399
2842400
2842401
2842402
2842403
2842404
2842405
2842406
2842539
2842540
2842541
2842542
2842543
2842544
2842545
2842546
2842547
2842548
2842549
2842550
2842551
2842552
2842553
2842554
2842555
2842556
2842557
2842558
2842559
2842560
2842561
2842562
2842563
2842564
2842565
2842566
2842567
2842568
2842569
2842570
2842571
2842572
2842573
2842574
2842575
2842576
2842577
2842578
2842579
2842580
2842581
2842582
2842583
2842584
2842585
2842586
2842587
2842588
2842589
2842590
2842591
2842592
2842593
2842594
2842595
2842596
2842597
2842598
2842599
2842600
2842601
2842602
2842603
2842604
2842605
2842606
2842607
2842608
2842609
2842610
2842611
2842613
2842614
2842615
2842616
2842617
2842618
2842619
2842620
2842621
2842622
2842623
2842625
2842626
2842628
2842631
2842632
2842633
2842635
2842636
2842637
2842638
2842639
2842640
2842641
2842642
2842643
2842644
2842645
2842646
2842647
2842648
2842649
2842650
2842651
2842652
2842653
2842654
2842655
2842656
2842657
2842658
2842659
2842660
2842661
2842662
2842663
2842664
2842665
2842666
2842667
2842668
2842669
2842670
2842671
2842672
2842674
2842675
2842676
2842677
2842678
2842679
2842680
2842681
2842682
2842683
2842684
2842685
2842686
2842687
2842688
2842689
2842690
2842691
2842692
2842693
2842694
2842695
2842696
2842697
2842698
2842699
2842700
2842701
2842702
2842704
2842705
2842706
2842707
2842708
2842709
2842710
2842711
2842712
2842713
2842714
2842715
2842716
2842717
2842718
2842719
2842720
2842721
2842722
2842723
2842724
2842725
2842726
2842727
2842728
2842730
2842731
2842732
2842733
2842735
2842736
2842737
2842738
2842739
2842740
2842741
2842742
2842743
2842744
2842745
2842746
2842747
2842748
2842749
2842750
2842751
2842752
2842753
2842754
2842755
2842756
2842757
2842758
2842759
2842760
2842761
2842762
2842763
2842764
2842765
2842766
2842767
2842768
2842769
2842770
2842771
2842772
2842773
2842774
2842775
2842776
2842777
2842778
2842779
2842780
2842781
2842782
2842783
2842784
2842785
2842786
2842787
2842788
2842789
2842790
2842791
2842792
2842793
2842794
2842795
2842796
2842797
2842798
2842799
2842800
2842801
2842802
2842803
2842804
2842805
2842806
2842807
2842808
2842809
2842810
2842811
2842812
2842813
2842814
2842815
2842816
2842817
2842818
2842819
2842820
2842821
2842822
2842823
2842824
2842825
2842826
2842827
2842828
2842829
2842830
2842831
2842832
2842833
2842834
2842835
2842836
2842838
2842839
2842840
2842841
2842842
2842843
2842844
2842846
2842847
2842848
2842849
2842850
2842851
2842852
2842853
2842854
2842855
2842856
2842857
2842858
2842859
2842860
2842861
2842862
2842863
2842864
2842865
2842867
2842868
2842869
2842870
2842871
2842872
2842873
2842874
2842875
2842876
2842877
2842878
2842879
2842880
2842881
2842882
2842883
2842884
2842885
2842886
2842887
2842888
2842889
2842890
2842891
2842892
2842893
2842894
2842895
2842896
2842897
2842898
2842899
2842900
2842901
2842902
2842903
2842904
2842905
2842906
2842907
2842908
2842909
2842910
2842911
2842912
2842913
2842914
2842915
2842916
2842917
2842918
2842919
2842920
2842921
2842922
2842923
2842925
2842926
2842927
2842928
2842929
2842930
2842931
2842932
2842933
2842934
2842935
2842936
2842937
2842938
2842940
2842941
2842942
2842943
2842944
2842945
2842946
2842947
2842948
2842949
2842950
2842951
2842952
2842953
2842954
2842955
2842956
2842957
2842958
2842959
2842960
2842961
2842962
2842963
2842965
2842966
2842967
2842968
2842969
2842970
2842971
2842972
2842973
2842974
2842975
2842976
2842977
2842978
2842979
2842980
2842981
2842983
2842984
2842985
2842986
2842987
2842988
2842989
2842990
2842991
2842993
2842994
2842995
2842996
2842997
2842998
2842999
2843000
2843001
2843002
2843003
2843004
2843005
2843006
2843007
2843008
2843009
2843010
2843011
2843012
2843013
2843014
2843015
2843016
2843017
2843018
2843019
2843020
2843021
2843022
2843023
2843024
2843025
2843026
2843027
2843028
2843029
2843030
2843031
2843032
2843033
2843034
2843035
2843036
2843037
2843038
2843039
2843040
2843041
2843042
2843043
2843044
2843046
2843047
2843048
2843049
2843050
2843051
2843052
2843053
2843054
2843055
2843056
2843057
2843058
2843059
2843060
2843061
2843062
2843063
2843064
2843065
2843066
2843067
2843068
2843069
2843070
2843071
2843073
2843074
2843075
2843076
2843077
2843078
2843079
2843080
2843081
2843082
2843083
2843084
2843085
2843086
2843087
2843088
2843090
2843091
2843092
2843093
2843094
2843095
2843096
2843097
2843098
2843099
2843100
2843101
2843102
2843103
2843104
2843105
2843106
2843108
2843109
2843110
2843111
2843112
2843113
2843114
2843115
2843117
2843118
2843119
2843120
2843121
2843122
2843123
2843124
2843125
2843126
2843127
2843128
2843129
2843130
2843131
2843132
2843133
2843134
2843135
2843136
2843137
2843138
2843139
2843140
2843141
2843142
2843143
2843144
2843145
2843146
2843147
2843148
2843149
2843150
2843151
2843152
2843153
2843154
2843155
2843156
2843157
2843159
2843160
2843161
2843162
2843163
2843342
2843343
2843344
2843345
2843346
2843347
2843348
2843349
2843350
2843351
2843352
2843353
2843354
2843355
2843356
2843357
2843358
2843360
2843361
2843362
2843363
2843364
2843365
2843366
2843367
2843368
2843369
2843370
2843371
2843372
2843373
2843374
2843376
2843377
2843378
2843379
2843380
2843381
2843382
2843383
2843384
2843385
2843386
2843387
2843388
2843389
2843390
2843391
2843392
2843393
2843394
2843395
2843396
2843397
2843398
2843399
2843400
2843401
2843402
2843403
2843404
2843405
2843406
2843407
2843408
2843409
2843411
2843412
2843413
2843414
2843415
2843416
2843417
2843418
2843419
2843420
2843421
2843422
2843423
2843424
2843425
2843426
2843427
2843428
2843429
2843430
2843431
2843432
2843433
2843434
2843435
2843436
2843437
2843438
2843439
2843440
2843441
2843442
2843443
2843444
2843445
2843447
2843448
2843449
2843450
2843451
2843452
2843453
2843454
2843455
2843456
2843457
2843458
2843459
2843460
2843461
2843462
2843463
2843464
2843465
2843466
2843467
2843468
2843469
2843470
2843471
2843472
2843473
2843474
2843475
2843476
2843477
2843478
2942894
2942978
2942979
2942980
2942981
2942982
2942989
2942990
2942991
2942992
2942993
2942994
2942995
2943002
2943003
2943004
2943005
2943006
2943007
2943008
2943009
2943010
2943011
2943012
2943013
2943014
2943015
2943016
2943017
2943018
2943019
2943020
2944849
2946787
2946788
2946789
2946790
2946791
2946792
2946793
2946794
2946795
2946796
2946797
2946798
2946799
2946800
2946802
2946803
2946804
2946805
2946806
2946808
2946809
2946810
2946811
2946812
2946813
2946814
2946815
2946816
2946817
2946818
2946819
2946820
2946821
2946822
2946823
2946824
2946825
2946826
2946827
2946828
2946829
2946830
2946831
2946832
2946833
2946834
2946835
2946836
2948639
2948640
2948641
2948642
2948643
2948644
2948645
2948646
2948647
2948648
2948649
2948650
2948651
2948652
2948653
2948654
2948655
2948656
2948657
2948658
2948659
2948660
2948661
2948662
2948663
2948664
2948665
2948666
2948667
2948668
2948669
2948670
2948671
2948672
2948673
2948674
2948675
2948676
2948677
2948678
2948679
2948680
2948681
2948682
2948683
2948684
2948685
2948686
2948687
2948688
2948689
2948690
2948691
2948692
2948693
2948694
2948696
2948697
2948698
2948699
2948700
2948701
2948702
2948703
2948704
2948705
2948706
2948708
2948709
2948710
2948711
2948712
2948713
2948714
2948715
2948716
2948717
2948718
2948719
2948720
2948721
2948724
2948725
2948726
2948727
2948728
2948729
2948730
2948731
2948732
2948733
2948734
2948735
2948736
2948737
2948738
2948752
2948753
2948754
2948755
2948756
2948757
2948758
2948759
2948760
2948761
2948762
2948763
2948764
2948765
2948766
2948767
2948768
2948769
2948770
2948771
2948772
2948773
2948774
2948775
2948776
2948777
2948778
2948779
2948780
2948781
2948782
2948783
2948784
2948785
2948786
2948787
2948788
2948789
2948790
2948791
2948792
2948793
2948794
2948795
2948796
2948797
2948798
2948799
2948800
2948801
2948802
2948803
2948804
2948805
2948806
2948807
2948808
2948809
2948810
2948811
2948812
2948813
2948814
2948815
2948816
2948817
2948818
2948819
2948821
2948822
2948823
2948824
2948825
2948826
2948827
2948828
2948829
2948830
2948831
2948832
2948833
2948834
2948835
2948836
2948837
2948838
2948839
2948840
2948841
2948842
2948843
2948844
2948846
2948847
2948849
2948850
2948851
2948852
2948854
2948855
2948856
2948857
2948858
2948859
2948860
2948861
2948862
2948863
2948864
2948865
2948866
2948867
2948869
2948870
2948871
2948872
2948873
2948874
2948875
2948876
2948877
2948878
2948879
2948880
2948881
2948882
2948883
2948884
2948885
2948886
2948887
2948888
2948889
2948890
2948891
2948893
2948894
2948895
2948896
2948897
2948898
2948899
2948900
2948901
2948904
2948905
2948906
2948907
2948908
2948909
2948910
2948911
2948912
2948913
2948914
2948915
2948916
2948917
2948918
2948919
2948920
2948921
2948922
2948923
2948924
2948925
2948926
2948927
2948928
2948929
2948930
2948931
2948932
2948933
2948934
2948935
2948936
2948937
2948938
2948939
2948940
2948941
2948942
2948943
2948944
2948945
2948946
2948947
2948948
2948949
2948950
2948951
2948952
2948953
2948954
2948955
2948956
2948957
2948958
2948959
2948960
2948963
2973078
2976977
3044651
3044652
3044653
3044654
3044655
3044656
3044657
3044658
3044659
3044660
3044661
3044662
3044663
3044664
3044665
3044666
3044667
3044668
3044670
3044671
3044672
3044673
3044674
3044675
3044676
3044677
3044679
3044680
3044681
3044682
3044683
3044684
3044685
3044686
3044687
3044688
3044689
3044690
3044691
3044692
3044693
3044694
3044695
3044696
3044697
3044698
3044699
3044700
3044701
3044702
3044703
3044705
3044706
3044707
3044708
3044709
3044710
3044711
3044712
3044713
3044714
3044715
3044718
3044719
3044720
3044721
3044723
3044724
3044725
3044726
3044727
3044728
3044729
3044730
3044731
3044732
3044733
3044734
3044735
3044736
3044737
3044738
3044739
3044741
3044742
3044743
3044744
3044745
3044746
3044747
3044748
3044749
3044750
3044751
3044752
3044753
3044754
3044755
3044757
3044758
3044759
3044761
3044762
3044763
3044764
3044765
3044766
3044767
3044768
3044769
3044770
3044771
3044772
3044773
3044774
3044775
3044777
3044778
3044779
3044780
3044781
3044782
3044783
3044784
3044785
3044786
3044787
3044788
3044789
3044790
3044791
3044792
3044793
3044794
3044795
3044796
3044797
3044798
3044799
3044800
3044803
3044804
3044805
3044806
3044807
3044809
3044810
3044812
3044813
3044814
3044815
3044816
3044817
3044818
3044820
3044821
3044822
3044823
3044824
3044825
3044826
3044827
3044828
3044829
3044830
3044831
3044832
3044833
3044834
3044835
3044836
3044838
3044839
3044840
3044842
3044843
3044844
3044845
3044846
3044847
3044848
3044849
3044850
3044851
3044852
3044853
3044854
3044855
3044856
3044857
3044858
3044859
3044861
3044862
3044863
3044864
3044865
3044866
3044867
3044868
3044869
3044870
3080801
308906
308911
308912
310684
310911
311225
311227
3152473
3152474
3152475
3152477
3152478
3152483
3152484
3152485
3152486
3152487
3152488
3152489
3152499
3152500
3152501
3152503
3152507
3152508
3152509
3152510
3152511
3152513
3152599
3152600
3152601
3152602
3152603
3152607
3152608
3152609
3152611
3152615
3152618
3152619
3152621
3152622
3152623
3152624
3152625
3152626
3152627
3152629
3152630
3152632
3152633
3152634
3152636
3152637
3152639
3152641
3152645
3152646
3152650
3152653
3152668
3152670
3152684
3152691
3152698
3152699
3152700
3152701
3152867
3152873
3152878
3152879
3152880
3152885
3152888
3152891
3152896
3152897
3152898
3152899
3152900
3152905
3152907
3152908
3152909
3152910
3152911
3152912
3152913
3152914
3152915
3152916
3152917
3152920
3152923
3152925
3152926
3152929
3152931
3152934
3152936
3152939
3152950
3152961
3152962
3152963
3152964
3152965
3152966
3152967
3152969
3152970
3152971
3152972
3152974
3152975
3152979
3152981
3152982
3152992
3152994
3152995
3152996
3152998
3153000
3153013
3153014
3153015
3153019
3153020
3153022
3153047
3153055
3153056
3153067
3153070
3153071
3153072
3153073
3153074
3153075
3153077
3153078
3153079
3153080
3153082
3153083
3153089
3153127
3153128
3153129
3153200
3153269
3153270
3153275
315393
324902
324913
325454
325455
325456
325457
325458
325459
325461
325462
32613
333750
333918
333921
333922
334202
334211
334213
341939
341940
3424891
3424908
3424909
3424910
3424920
3424927
3424928
3424929
3424939
3424940
3424944
3424976
3425038
3425048
3425078
3425081
3425082
3425084
3425105
3425107
3425117
3425741
3425757
3425768
346673
352476
35323
371730
39725
39730
39731
39734
39739
39742
39743
39749
39750
39751
39752
39755
39759
39760
40121
40122
40272
40274
40276
413970
43680
475861
477967
542837
542959
542960
545932
548686
548687
548688
548689
558016
558017
558018
558019
564640
564643
564646
573012
573055
586418
586425
62098
645516
674952
674962
674970
674976
674981
675059
675062
675065
675066
675070
675073
675076
675844
675845
67753
680114
680115
680116
680194
680277
680287
686982
687331
687332
687333
687334
687335
687336
687337
687338
687339
688449
689759
691955
691957
692605
693996
694002
694013
694018
696855
699166
699180
699181
699182
742914
85650
85651
873551
88129
934799
934800
934802
934803
934804
935635
935641
935646
935650
936056
936057
936058
936061
95337
95339
95341
993034
