100048
100474
100815
100860
101095
101106
101851
1036719
1047167
1052105
105767
105983
1079112
1095182
110092
112415
112488
112497
1129544
1132856
113604
114154
118259
1196389
121621
1217823
124426
125369
129311
12967
131324
1322061
133407
13348
13366
133746
1351751
135587
13562
1387562
139276
1396492
1401161
1450170
148959
1494215
1500560
150366
152317
1539666
1633384
165440
167346
174684
1804794
1811811
1812772
1838142
184431
1851468
1910789
1912359
1915381
1917220
1920207
1929757
1934375
1940842
1981958
203525
2041757
2058187
2058189
2066992
2072583
2081418
210567
215249
215251
2174073
226991
227085
229219
237179
241409
242060
243023
258075
2609800
2609811
265082
2656786
2689624
2695291
27308
27312
27320
27331
2761499
2779868
278028
2799439
28000
2810619
2849
286114
2861358
2862419
2897311
29002
2902
29175
2944547
29828
2983819
29849
29882
29907
299330
300275
301206
302781
3030
3162980
3163251
3163253
317045
326606
3300567
3303203
33170
33187
33194
33196
33202
34348
34392
34448
34474
35089
35127
35235
36034
36048
36065
364710
36906
36910
36913
36922
374468
374469
37467
378193
37840
37991
38946
395590
39709
401624
40354
40443
40466
410829
41247
412764
41687
42308
42360
42367
42398
430999
43220
43430
44055
44417
45141
45153
45234
45244
45787
460517
461281
462253
470095
47022
4753
4769
47747
4778
4780
47830
4783
4815
483074
4830
4836
4838
4842
48558
4867
4895
490731
4910
4919
4930
4943
4948
4951
4953
4958
4998
5027
5036
5052
5073
507510
5086
5094
5100
5115
5140
5144
5146
5149
5157
5179
5193
5206
5209
5260
5269
5280
5296
5305
5320
5324
5333
5340
5352
5357
5379
54096
5453
5455
5475
548651
5498
5500
5506
55170
55193
5529
5533
5540
5543
5550
55528
5552
5569
5579
5581
5583
5587
5598
5605
561108
5629
5644
5658
5683
5690
5721
5723
5740
574786
5748
5754
5758
5761
5782
5800
5806
5810
5820
586132
5864
5873
5884
5890
5931
599737
599838
6033
6038
604195
61396
63261
63265
63298
63399
64560
64561
64629
64651
65412
66735
66739
67608
688353
70110
701936
71245
71950
72143
741162
749461
766728
766733
766748
766759
766765
77924
78156
80635
80744
82105
83822
85947
86026
866547
877559
90254
91493
92901
93111
937848
94642
947096
96312
98402
